$ 1 0.1 1.4391916095149893 33 5 43 5e-11
% voltageUnit $
% showToolbar true
266 128 176 227 274 0 Current.Demo 4 rate 3.3 \0 r 0.5 0 \0 1 0 S1 1 \0 b 0.5 1 S2 1 0 S1 0 \0 c 0.5 2 \0 1 0 S2 0 \0 d 0.5 2 \0 1 0
268 256 -128 256 -96 0 From_s 0 1
431 80 -176 112 -144 0 100 true false
269 304 -128 464 -128 0 Flow 1 rate 1
268 512 -128 464 -96 0 To_s 0 1
213 64 32 112 32 0 0 1
c 224 64 224 112 4 1 -100.04999999999157 0 0
c 480 64 480 112 4 1 100.04999999999157 0 0
g 224 112 224 128 0 0
g 480 112 480 128 0 0
w 160 64 224 64 0
w 160 32 480 32 1
w 480 32 480 64 0
207 480 32 529 24 100 Vc2
207 224 64 353 56 100 Vc1
207 304 -128 368 -192 4 From_s
207 464 -128 544 -192 100 To_s
% AST 0 2
% Hint S1 hint3
% Hint S2 hint4
