$ 17 0.0000049999999999999996 1.4391916095149893 50 5 43 5e-11
r 176 80 384 80 0 10
s 384 80 448 80 0 1 false
w 176 80 176 352 0
c 384 352 176 352 4 0.000015 -4.809369270796139 -10 0
l 384 80 384 352 0 1 0.016276396177326572 0
v 448 352 448 80 0 0 40 5 0 0 0.5 V
r 384 352 448 352 0 100
250 272 160 288 160 0 2 a*b
R 272 192 208 192 0 0 40 5 0 0 0.5 V
O 512 160 576 112 3 1
g 368 192 368 240 0 0
w 272 160 176 80 0
g 448 352 448 384 0 0
181 512 160 512 304 0 2387.123556024512 100 10 0.04 0.004
w 512 304 448 352 0
w 512 160 368 160 0
207 176 80 80 48 4 Vr
253 -368 144 -240 144 0 4 4 6 16 0 false 2 Table \0 Stock1 Stock2 Stock3 A-L-E Row1 Row2 Row3 Row4 0 0 0 0 ASSET LIABILITY EQUITY ASSET \0 \0 \0 \0 Vr \0 \0 \0 \0 \0 \0 \0 \0 \0 \0 \0
o 4 64 0 4099 20 0.05 0 2 4 3
o 3 64 0 4099 20 0.05 1 2 3 3
o 0 64 0 4099 0.625 0.05 2 2 0 3
38 3 F1 0 0.000001 0.000101 -1 Capacitance
38 4 F1 0 0.01 1.01 -1 Inductance
38 0 F1 0 1 101 -1 Resistance
h 1 4 3
