$ 17 0.01 0.010109782498721881 37 5 43 5e-11
207 80 80 16 128 28 Spend
r -240 272 -240 160 0 1000
R -240 160 -176 160 0 0 40 -60 0 0 0.5
g -240 272 -240 320 0 0
R -320 368 -384 368 0 2 40 5 0 0 0.5
207 560 432 608 432 28 Borrowers
R 208 144 272 144 0 0 40 0.05 0 0 0.5
207 208 144 128 160 28 Interest
207 -320 368 -384 416 28 r1c2
250 688 224 704 224 0 2 a*b
251 496 224 544 224 0 2 a\pb
207 -288 624 -368 624 28 Debt
g 496 256 496 304 0 0
R 688 256 688 320 0 0 40 2 0 0 0.5
R 832 256 832 320 0 0 40 0.07 0 0 0.5
250 832 224 848 224 0 2 a*b
w 784 224 832 224 2
w 592 224 688 224 2
207 592 224 592 160 28 Money
207 784 224 784 160 28 GDP
207 976 224 1024 96 28 Lend
O 336 176 336 80 3 1
w 448 432 560 432 2
g 592 256 592 304 0 0
R 80 80 144 80 0 0 40 10 0 0 0.5
253 -144 224 -80 304 0 3 4 false Borrow_sum Debt Borr_equ Debt 10 0 10 0 -Interest \0 -Interest \0 Lend Lend \0 \0 Spend \0 Spend \0
256 368 368 320 368 0 0 40 0 0 0 0.5 Borrow_sum
r 352 432 448 432 0 1000
w 448 432 448 224 2
w 448 224 496 224 2
w 928 224 976 224 2
w -288 624 -176 624 2
212 256 432 320 432 0 0 (t\q\q0\s?\s10\s:\slastoutput)\s\p\stimestep*Borrow_sum
g 352 464 352 496 0 0
255 1024 256 1056 304 0 3 2 true Godley1 col0 10 0 -Interest Spend Lend \0 Spend \0
w 800 480 912 480 2
256 800 480 752 480 0 0 40 0 0 0 0.5 Godley1
207 -48 592 -48 640 28 tes
w -48 544 -48 592 0
207 448 608 448 656 28 tes
w 448 608 576 608 2
r 576 608 672 608 0 1000
w 672 608 800 608 3
g 800 608 800 640 0 0
207 1056 672 960 672 4 G1
207 640 576 544 576 4 G1
g 864 576 864 608 0 0
w 736 576 864 576 3
r 640 576 736 576 0 1000
212 -16 688 48 688 0 1 (t\q\q0\s?\s10\s:\slastoutput)\s\p\stimestep*a
w -112 544 -112 688 0
w -112 688 -16 688 0
w 80 688 192 688 2
g 80 720 80 752 0 0
o 22 1 3 x103002 24.600892240259977 0.0001 0 13 20 0 20 3 19 0 19 3 11 0 11 3 5 0 5 3 11 0 11 3 11 0 11 3
