$ 17 0.0000049999999999999996 10.20027730826997 50 5 43 5e-11
r 176 80 384 80 0 10
s 384 80 448 80 0 0 false
w 176 80 176 352 0
c 384 352 176 352 4 0.000015 -1.2443379659998755e-12 -10 0
l 384 80 384 352 0 1 0.049999999999989025 0
v 448 352 448 80 0 0 40 5 0 0 0.5
r 384 352 448 352 0 100
250 272 160 288 160 0 2 a*b
R -32 432 32 432 0 0 40 5 0 0 0.5
R 272 192 208 192 0 0 40 5 0 0 0.5
O 512 160 576 112 3 1
g 368 192 368 240 0 0
w 272 160 176 80 0
g 448 352 448 384 0 0
181 512 160 512 304 0 2086.791405105845 100 10 0.04 0.004
w 512 304 448 352 0
w 512 160 368 160 0
207 176 80 80 48 4 node0
O -64 272 0 352 3 1
207 -64 272 0 272 4 node1
207 48 288 48 224 4 node0
O 48 288 112 240 3 1
O -160 208 -80 176 3 1
253 -128 -16 0 -16 0 4 node0 node1 node2 node3
o 4 64 0 4099 0.0000762939453125 0.05 0 2 4 3
o 3 64 0 4099 0.0000762939453125 0.00009765625 1 2 3 3
o 0 64 0 4099 0.0000762939453125 0.00009765625 2 2 0 3
38 3 F1 0 0.000001 0.000101 -1 Capacitance
38 4 F1 0 0.01 1.01 -1 Inductance
38 0 F1 0 1 101 -1 Resistance
h 1 4 3
