$ 1 0.02 0.32112705431535615 50 5 50 5e-11
w 32 160 112 160 0
207 -16 160 -64 160 36 Prey
x 47 20 493 23 4 18 ODE\sTest:\sPopulation\sDynamics\swith\sInflow\sand\sOutflow 808080FF
258 -16 160 16 160 3 0.001 pred_br
250 112 160 128 160 1 2 a*b
207 112 176 64 192 4 Predator
207 160 160 208 160 36 Predator_Births
207 704 160 752 160 36 Prey_Deaths
207 656 176 608 192 36 Prey
250 656 160 672 160 1 2 a*b
258 528 160 560 160 3 0.0008 pred_dr
207 528 160 480 160 36 Predator
w 576 160 656 160 0
207 32 160 80 128 36 Predator_Birth_Rate
207 576 160 624 128 36 Prey_Death_Rate
207 32 256 80 256 36 Predator_Deaths
207 -16 256 -64 256 36 Predator
207 400 256 352 256 36 Prey
207 448 256 496 256 36 Prey_Births
207 -16 352 -64 352 36 Predator_Deaths
252 -16 336 0 336 1 2
207 -16 336 -64 336 36 Predator_Births
207 80 336 128 336 36 Predator
207 528 352 576 352 36 Prey
207 432 352 384 352 36 Prey_Births
252 432 352 448 352 1 2
207 432 368 384 368 36 Prey_Deaths
258 -16 256 16 256 3 0.12 Predator_Death_Rate
258 400 256 432 256 3 0.16 Prey_Birth_Rate
260 32 336 64 336 1 2 lastoutput\ptimestep*a 0
260 480 352 512 352 1 2 lastoutput\ptimestep*a 0
R 32 352 32 400 0 0 40 112 0 0 0.5 V
R 480 368 480 416 0 0 40 164 0 0 0.5 V
207 80 432 128 432 36 Predator2
261 -48 432 -16 432 0 Predator_Births-(Predator*a) 112 0.12 0 1 Predator\sDeath\sRate
o 23 2 0 12806 0.0001 0.0001 0 6 23 3 24 0 24 3 22 0 22 3
