$ 17 0.0005 89.03963197220334 50 5 43 5e-11
207 80 80 16 128 28 Spend
r -544 112 -544 0 0 1000
R -544 0 -480 0 0 0 40 -60 0 0 0.5
g -544 112 -544 160 0 0
R -320 368 -384 368 0 2 40 5 0 0 0.5
207 832 560 896 624 28 Borrowers
255 -208 -96 -192 -96 0 3 3 1 Interest _ Interest Lend Lend r1c2 Spend _ Spend Borrowers Debt Borrowers_Equ 100 536362346.8445892 536362234.7570878 132.83749999994774
R 704 416 704 368 0 0 40 10 0 0 0.5
R 208 144 272 144 0 0 40 0.05 0 0 0.5
207 208 144 128 160 28 Interest
207 -320 368 -384 416 28 r1c2
250 688 224 704 224 0 2 a*b
251 496 224 544 224 0 2 a\pb
207 -144 592 -224 592 28 Borrowers
g 496 256 496 304 0 0
R 688 256 688 320 0 0 40 2 0 0 0.5
R 832 256 832 320 0 0 40 0.07 0 0 0.5
250 832 224 848 224 0 2 a*b
w 784 224 832 224 0
w 592 224 688 224 2
207 672 32 672 -32 28 Money
207 784 224 784 160 28 GDP
207 976 224 1024 96 28 Lend
O 352 224 352 128 3 1
w 368 432 480 432 2
g 592 256 592 304 0 0
R 80 80 144 80 0 0 40 0.1 0 0 0.5
253 -112 224 -48 304 0 3 2 1 Lend node2 Spend node4 node5 node6 Col1 Col2
207 496 512 416 512 28 Col1
256 176 432 128 432 0 0 40 0 0 0 0.5 Col1
r 272 432 368 432 0 1000
l 496 464 592 464 0 1 0 0
t 656 432 704 432 0 1 -9.76212719200943 0.23786274862083315 100 default
r 704 448 704 528 0 10000
g 704 528 704 560 0 0
w 704 448 832 448 2
w 576 432 656 432 2
w 368 432 368 224 0
w 368 224 496 224 2
w 928 224 976 224 2
w 96 528 208 528 2
w 96 224 208 224 2
212 176 432 240 432 0 1 lastoutput\ptimestep*100*a
g 272 464 272 496 0 0
o 5 8 0 4099 671088640 1.6 0 4 5 3 21 0 21 3
o 29 8 0 4099 10485760 0.00009765625 1 2 29 3
