$ 83 0.005 135.0639324902207 47 5 50 0.000049999999999999996
% voltageUnit $
255 -1632 -984 -1568 -984 0 6 5 6 16 0 true 2 true false Banks \0 Debt Firms Workers Banks A-L-E Loans Repayment Interest Wages Workers\sConsumption Bank\sSpending 100 90 5 5 0 ASSET LIABILITY LIABILITY EQUITY ASSET Borrow Borrow \0 \0 \0 -Repay -Repay \0 \0 \0 \0 -Interest \0 Interest \0 \0 -Wages Wages \0 \0 \0 C_W -C_W \0 \0 \0 C_B \0 -C_B \0 0.001
x -1138 -1200 -853 -1197 4 26 Keen\sMinsky\sGodley\s02 8080FFFF
207 -512 -1064 -608 -1096 4 Vr
g -296 -952 -296 -928 0 0
r -384 -952 -296 -952 0 100
v -296 -952 -296 -1064 0 0 40 5 0 0 0.5 V
l -384 -1064 -384 -952 0 100 -6.672421259395022e-8 0
c -384 -952 -512 -952 4 0.01 -0.000024188268894218194 -10 0
s -384 -1064 -296 -1064 0 1 false
r -512 -1064 -384 -1064 0 5
w -512 -1064 -512 -952 0
w -488 -1160 -512 -1160 0
w -512 -1064 -512 -1160 0
207 -288 -1128 -168 -1112 36 IVr
w -392 -1160 -392 -1128 0
w -392 -1128 -288 -1128 0
207 -392 -1160 -320 -1160 4 dVr/dt
403 -648 -896 -256 -672 0 2_2_0_12806_0.0001_0.0001_-1_4_2_3_13_0_13_3
207 -1352 -712 -1344 -752 36 K
w -1304 -712 -1352 -712 0
w -1224 -712 -1256 -712 0
R -1304 -696 -1352 -672 0 0 40 3 0 0 0.5 v
207 -1224 -696 -1264 -664 36 aa
257 -1304 -712 -1288 -712 1 2 a*(1/(b!\q0?b:1e-9))
257 -1224 -712 -1208 -712 1 2 a*(1/(b!\q0?b:1e-9))
207 -1256 -712 -1216 -752 36 Y
207 -1176 -712 -1136 -752 36 L
207 -1080 -712 -1040 -768 36 lamda
207 -1128 -696 -1176 -648 36 N
257 -1128 -712 -1104 -712 1 2 a*(1/(b!\q0?b:1e-9))
w -1176 -712 -1128 -712 0
250 -1488 -536 -1464 -536 1 2 a*b
w -1544 -536 -1488 -536 0
207 -1488 -520 -1536 -480 36 Y
207 -1440 -536 -1392 -592 36 I_G
207 -1440 -536 -1384 -536 36 Borrow
207 -872 -728 -920 -744 36 Y
252 -872 -728 -856 -728 1 3
207 -872 -712 -928 -712 36 Wages
207 -872 -696 -928 -696 36 Interest
207 -824 -728 -792 -776 36 _pi
207 -824 -728 -768 -728 36 Repay
207 -1424 -376 -1480 -376 36 Debt
423 -1225 -1038 -1165 -1039 0
207 -1160 -544 -1072 -568 36 W
250 -1080 -544 -1056 -544 1 2 a*b
w -1160 -544 -1080 -544 0
207 -1080 -528 -1080 -488 36 L
207 -1032 -544 -992 -592 36 Wages
207 -1032 -544 -976 -544 36 C_W
258 -1424 -376 -1416 -376 3 0.04 r
207 -1376 -376 -1376 -408 36 Interest
207 -1376 -376 -1320 -376 36 C_B
207 -672 -584 -728 -584 36 Debt
207 -904 -256 -848 -256 36 aa
207 -952 -336 -912 -336 36 N
P -672 -584 -672 -520 11 0 d_r_%
207 -672 -520 -728 -520 36 Y
207 -672 -416 -728 -416 36 Y
P -672 -480 -672 -416 11 0 w_%
207 -672 -480 -728 -480 36 Wages
P -400 -568 -400 -504 11 0 lamda_%
207 -400 -568 -456 -568 36 lamda
R -400 -504 -464 -504 0 0 40 1 0 0 0.5 \0
207 -456 -416 -512 -416 36 Y
P -456 -480 -456 -416 11 0 pi_s_%
207 -456 -480 -512 -480 36 pi
r -1440 -496 -1368 -496 0 1
261 -1464 -712 -1448 -712 1 ODE I_G-(a*K) 300 1 0.06
w -1400 -712 -1352 -712 2
261 -1016 -256 -1000 -256 3 ODE3 aa*a 1 1 0.015
w -952 -256 -904 -256 2
261 -1016 -336 -1000 -336 3 ODE4 N*a 165 1 0.02
261 -1224 -544 -1208 -544 1 ODE2 (lamda-a)*b\s*W 0.9 2 0.6 10
207 -1544 -536 -1496 -592 36 i_G
262 -1608 -536 -1576 -536 1 Eqn ((_pi/K)-a)*b 2 0.03 10
o 59 8 0 12806 79.56380361521352 0.0001 0 5 59 3 56 3 61 0 61 3
o 65 8 0 4614 640 0.1 1 4 65 3 59 0 59 3 T:Income\sShares
o 56 8 0 xc012c6 320 0.1 2 2 59 0 T:x/y
o 35 8 0 4614 5120 0.1 3 2 35 3
