$ 83 0.005 0.8031194996067259 47 5 50 0.000049999999999999996
% voltageUnit $
255 -1632 -984 -1056 -804 0 6 5 6 16 0 true 2 1 false 5 0 true Banks \0 Debt Firms Workers Banks A-L-E Loans Repayment Interest Wages Workers\sConsumption Bank\sSpending 100 90 5 5 0 ASSET LIABILITY LIABILITY EQUITY COMPUTED Borrow Borrow \0 \0 \0 -Repay -Repay \0 \0 \0 \0 -Interest \0 Interest \0 \0 -Wages Wages \0 \0 \0 C_W -C_W \0 \0 \0 C_B \0 -C_B \0 0.001
207 -1488 -752 -1536 -776 36 I_G
x -1138 -1200 -853 -1197 4 26 Keen\sMinsky\sGodley\s01 8080FFFF
207 -512 -1064 -608 -1096 4 Vr
g -296 -952 -296 -928 0 0
r -384 -952 -296 -952 0 100
v -296 -952 -296 -1064 0 0 40 5 0 0 0.5 V
l -384 -1064 -384 -952 0 100 0.0012455849558733994 0
c -384 -952 -512 -952 4 0.01 -0.11074905658223236 -10 0
s -384 -1064 -296 -1064 0 1 false
r -512 -1064 -384 -1064 0 5
w -512 -1064 -512 -952 0
w -488 -1160 -512 -1160 0
w -512 -1064 -512 -1160 0
207 -288 -1128 -168 -1112 36 IVr
w -392 -1160 -392 -1128 0
w -392 -1128 -288 -1128 0
207 -392 -1160 -320 -1160 4 dVr/dt
403 -648 -896 -256 -672 0 3_2_0_12806_0.17984533473403058_0.0001_-1_4_3_3_14_0_14_3
258 -1552 -736 -1488 -736 3 0.06 delta_K
207 -1552 -736 -1600 -736 36 K
252 -1488 -744 -1384 -744 3 2
260 -1384 -736 -1312 -736 3 2 0
207 -1312 -736 -1304 -776 36 K
R -1384 -728 -1408 -704 0 0 40 300 0 0 0.5 K_0
w -1368 -784 -1416 -784 0
R -1312 -720 -1344 -680 0 0 40 3 0 0 0.5 v
207 -1232 -712 -1264 -664 36 a
257 -1312 -728 -1232 -728 3 2
257 -1232 -720 -1160 -720 3 2
207 -1232 -728 -1192 -792 36 Y
207 -1344 -528 -1320 -624 36 i_G
207 -1160 -720 -1120 -760 36 L
207 -1080 -712 -1040 -768 36 lamda
207 -1160 -704 -1192 -656 36 N
257 -1160 -712 -1080 -712 3 2
207 -1512 -536 -1472 -616 36 pi_r
207 -1592 -544 -1640 -584 36 pi
257 -1592 -536 -1512 -536 3 2
207 -1592 -528 -1640 -528 36 K
252 -1512 -528 -1432 -528 3 2
R -1512 -520 -1536 -464 0 0 40 0.03 0 0 0.5 Z_pi
258 -1408 -528 -1344 -528 1 10 S_pi
w -1432 -528 -1408 -528 0
250 -1344 -520 -1264 -520 3 2
207 -1344 -512 -1368 -456 36 Y
207 -1264 -520 -1216 -576 36 I_G
207 -1264 -520 -1208 -520 36 Borrow
207 -928 -744 -976 -760 36 Y
252 -928 -728 -824 -728 1 3
207 -928 -728 -984 -728 36 Wages
207 -928 -712 -984 -696 36 Interest
207 -824 -728 -792 -776 36 pi
207 -824 -728 -768 -728 36 Repay
207 -1560 -400 -1616 -400 36 lamda
252 -1560 -392 -1504 -392 3 2
207 -1576 -280 -1632 -280 36 Debt
258 -1504 -392 -1440 -392 1 10 S_lamda
423 -1225 -1038 -1165 -1039 0
207 -1504 -392 -1480 -424 36 P_c
250 -1440 -384 -1368 -384 3 2
207 -1440 -376 -1480 -328 36 W
207 -1304 -376 -1248 -400 36 W
250 -1256 -368 -1184 -368 3 2
w -1304 -376 -1256 -376 0
207 -1256 -360 -1304 -320 36 L
207 -1184 -368 -1144 -416 36 Wages
207 -1184 -368 -1128 -368 36 C_W
R -1560 -384 -1608 -360 0 0 40 0.6 0 0 0.5 Z_lamda
260 -1368 -376 -1304 -376 3 2 0
R -1368 -368 -1392 -336 0 0 40 0.9 0 0 0.5 W_0
258 -1576 -280 -1504 -280 3 0.04 r
207 -1504 -280 -1504 -312 36 Interest
207 -1432 -280 -1376 -280 36 C_B
207 -672 -584 -728 -584 36 Debt
258 -1208 -216 -1160 -216 3 0.015 alpha
260 -1128 -208 -1072 -208 3 2 0
w -1160 -216 -1128 -216 0
R -1128 -200 -1192 -168 0 0 40 1 0 0 0.5 a_0
207 -1072 -208 -1016 -208 36 a
258 -888 -344 -840 -344 3 0.02 beta
207 -888 -344 -936 -344 36 N
R -808 -328 -872 -296 0 0 40 165 0 0 0.5 N_0
260 -808 -336 -752 -336 3 2 0
w -840 -344 -808 -344 0
207 -752 -336 -712 -336 36 N
207 -1208 -216 -1264 -216 36 a
207 -1464 -152 -1408 -192 60 Y
207 -672 -568 -728 -568 36 Y
207 -672 -464 -728 -464 36 Y
207 -672 -480 -728 -480 36 Wages
207 -400 -568 -456 -568 36 lamda
R -400 -552 -464 -552 0 0 40 1 0 0 0.5 \0
207 -400 -464 -456 -464 36 Y
207 -400 -480 -456 -480 36 pi
r -1408 -160 -1336 -160 0 1
r -1504 -280 -1432 -280 0 1
207 -1536 -160 -1496 -208 36 Wages
P -672 -472 -600 -472 2 2
P -672 -576 -600 -576 2 2
P -400 -560 -328 -560 2 2
P -400 -472 -312 -472 2 2
207 -312 -472 -262 -472 36 pi_s_%
o 47 8 0 4614 0.0000762939453125 0.1 0 2 47 3
% AST 1 1
